0.4692806354532264 0.45878408431363493 0.8819338327518361 0.6257413407242619 0.7091578630085814 0.7070724799764416 0.5540763081050336 0.280421295987912
0.5709095515167949 0.17817328132607024 0.8230554859772539 0.5855613234829359 0.5741865881266898 0.5761986125606305 0.9956614818874527 0.023574295057406602
0.1935049675136059 0.5591881546675962 0.06952118138070007 0.22020267208286193 0.41798096433498144 0.34564394984956803 0.39693700796223486 0.1429386212147581
0.30437111342878154 0.8277614496903043 0.7967489102590316 0.060937649737957345 0.4033812257955205 0.36691726907304134 0.10622813374093631 0.7954030331604419
0.1592273571852777 0.4774646793040491 0.056691813766703736 0.9431021564935278 0.4221158373489824 0.3173703158705017 0.9324973703685768 0.14544191981651633
0.9518846679943606 0.8914097766612302 0.8819464167860244 0.44031375234546855 0.5941461353788084 0.7155232551998835 0.2447342980525571 0.4254616771549592
0.558845860980812 0.6668334110515728 0.5838433179041982 0.9602085507649823 0.27585889449399603 0.2764528484695463 0.949475690351126 0.28993903673764343
0.33836492256002193 0.4961365131340054 0.36241545812852916 0.920517527947403 0.8615610612663673 0.05708537890268406 0.13122404334842874 0.29176014662710603
0.540193675462495 0.09629662481464829 0.840063852413179 0.9883486634545858 0.10914027854363739 0.4424650864128603 0.25872630152989373 0.9822705620535617
0.05361405298259292 0.5836329801124667 0.9214872244994894 0.9150434114628357 0.7366848054875723 0.4858761828996555 0.8167522935311233 0.8495260460241718
